%YAML:1.0
---
camera_matrix: !!opencv-matrix
   rows: 3
   cols: 3
   dt: d
   data: [ 1.3871475824120123e+03, 0., 9.8303885015898481e+02, 0.,
       1.3898572630703502e+03, 5.4566390513476381e+02, 0., 0., 1. ]
distortion_coefficients: !!opencv-matrix
   rows: 1
   cols: 5
   dt: d
   data: [ -1.8648199389012460e-01, 1.0549012348105522e+01,
       -6.3965013787287426e-03, 7.1936220789338094e-03,
       -1.0366693095394363e+02 ]
