%YAML:1.0
---
camera_matrix: !!opencv-matrix
   rows: 3
   cols: 3
   dt: d
   data: [ 1.4318872643402667e+03, 0., 9.4494380313970873e+02, 0.,
       1.4291910838650938e+03, 5.7179283224195285e+02, 0., 0., 1. ]
distortion_coefficients: !!opencv-matrix
   rows: 1
   cols: 5
   dt: d
   data: [ 1.4263339223011989e-01, -3.1878089610223853e-01,
       3.3422139407965679e-03, -1.6466611206490342e-03,
       8.4733950865753999e-02 ]
