%YAML:1.0
---
camera_matrix: !!opencv-matrix
   rows: 3
   cols: 3
   dt: d
   data: [ 1.3293908480672530e+03, 0., 9.5566596194479052e+02, 0.,
       1.3287838887243763e+03, 5.7970250226678502e+02, 0., 0., 1. ]
distortion_coefficients: !!opencv-matrix
   rows: 1
   cols: 5
   dt: d
   data: [ 1.3826854299420818e-01, -1.9522159318213678e-01,
       7.0951757905742983e-03, -2.2572588921160250e-03,
       -2.4264289557822078e-02 ]
