%YAML:1.0
---
HandEyeCalibrationResult:
   RotationMatrix: !!opencv-matrix
      rows: 3
      cols: 3
      dt: d
      data: [ 1.4525236707814138e-03, 4.3033485939917970e-01,
          9.0266815550393387e-01, -7.8488452834707712e-01,
          5.5982140484459908e-01, -2.6562430581406804e-01,
          -6.1964035321819710e-01, -7.0810444389490135e-01,
          3.3857632699277773e-01 ]
   TranslationVector: !!opencv-matrix
      rows: 3
      cols: 1
      dt: d
      data: [ -1.2085000779086523e+00, 4.5142690138637009e-01,
          2.4781059499364888e-01 ]
