%YAML:1.0
---
HandEyeCalibrationResult:
   RotationMatrix: !!opencv-matrix
      rows: 3
      cols: 3
      dt: d
      data: [ 7.3816027225207592e-01, -6.6556137257100079e-01,
          -1.1021556972654371e-01, 6.4542315543843420e-01,
          7.4426620801356136e-01, -1.7174621402816684e-01,
          1.9633737008688854e-01, 5.5640551313944332e-02,
          9.7895646795802138e-01 ]
   TranslationVector: !!opencv-matrix
      rows: 3
      cols: 1
      dt: d
      data: [ 7.7666313867221573e-03, 2.5300881839270560e-02,
          5.5180859871311594e-01 ]
