%YAML:1.0
---
HandEyeCalibrationResult:
   RotationMatrix: !!opencv-matrix
      rows: 3
      cols: 3
      dt: d
      data: [ -4.0571626425879970e-01, -1.5257543384943875e-01,
          9.0117426167281289e-01, -9.1394546504066732e-01,
          5.7043954632196359e-02, -4.0180800660454535e-01,
          9.8994872332997010e-03, -9.8664417305611019e-01,
          -1.6258928601523004e-01 ]
   TranslationVector: !!opencv-matrix
      rows: 3
      cols: 1
      dt: d
      data: [ -1.3602184856642872e+00, 5.3018138764948053e-01,
          2.6960470459111818e-01 ]
